0 0
0 837
0 862.4
0 887.8
0 913.2
0 964
0 989.4
0 1014.8
0 1040.2
0 1065.6
0 1091
0 1116.4
0 1141.8
0 1167.2
0 1218
0 1348.7
0 1395.8
0 1423.7
0 1472
0 1523.7
0 1573.6
0 1649.8
0 1675.2
0 1687.9
0 1751.4
0 1773.7
0 1848.7
0 1853
0 1878.4
0 1923.7
0 1929.2
0 2005.4
0 2023.7
0 2030.8
0 2107
0 2132.4
0 2183.2
0 2284.8
0 2348.7
0 2361
0 2462.6
0 2513.4
0 2538.8
0 2573.7
0 2640.4
0 2716.6
0 2843.6
0 2848.7
0 2894.4
0 2996
0 3072.2
0 3073.7
0 3326.2
0 3348.7
0 3377
0 3631
0 3656.4
0 3707.2
0 3961.2
1 837
1 862.4
1 887.8
1 913.2
1 964
1 989.4
1 1014.8
1 1040.2
1 1065.6
1 1091
1 1116.4
1 1141.8
1 1167.2
1 1218
1 1298.7
1 1319.6
1 1373.7
1 1395.8
1 1398.7
1 1472
1 1548.2
1 1548.7
1 1573.6
1 1649.8
1 1675.2
1 1751.4
1 1764.1
1 1798.7
1 1853
1 1873.7
1 1898.7
1 1929.2
1 2005.4
1 2030.8
1 2048.7
1 2107
1 2132.4
1 2284.8
1 2361
1 2398.7
1 2448.7
1 2462.6
1 2538.8
1 2640.4
1 2716.6
1 2742
1 2767.4
1 2818.2
1 2894.4
1 2898.7
1 2996
1 3023.7
1 3123
1 3250
1 3398.7
1 3453.2
1 3580.2
1 3631
1 3681.8
1 3885
2 837
2 862.4
2 887.8
2 938.6
2 964
2 1014.8
2 1040.2
2 1065.6
2 1091
2 1116.4
2 1141.8
2 1243.4
2 1323.7
2 1395.8
2 1448.7
2 1472
2 1548.2
2 1573.6
2 1573.7
2 1649.8
2 1675.2
2 1751.4
2 1823.7
2 1853
2 1878.4
2 1929.2
2 1948.7
2 2005.4
2 2030.8
2 2073.7
2 2107
2 2132.4
2 2183.2
2 2284.8
2 2361
2 2398.7
2 2448.7
2 2462.6
2 2538.8
2 2640.4
2 2716.6
2 2742
2 2767.4
2 2818.2
2 2843.6
2 2869
2 2948.7
2 2973.7
2 3072.2
2 3199.2
2 3448.7
2 3504
2 3580.2
2 3707.2
2 3758
2 3834.2
3 837
3 862.4
3 913.2
3 938.6
3 964
3 989.4
3 1040.2
3 1065.6
3 1091
3 1116.4
3 1167.2
3 1319.6
3 1348.7
3 1395.8
3 1472
3 1498.7
3 1548.2
3 1573.6
3 1598.7
3 1649.8
3 1687.9
3 1751.4
3 1764.1
3 1773.7
3 1827.6
3 1848.7
3 1878.4
3 1929.2
3 1998.7
3 2030.8
3 2098.7
3 2107
3 2183.2
3 2284.8
3 2298.7
3 2348.7
3 2361
3 2462.6
3 2498.7
3 2538.8
3 2640.4
3 2716.6
3 2843.6
3 2869
3 2919.8
3 2923.7
3 2957.9
3 2998.7
3 3123
3 3423.7
3 3453.2
3 3504
3 3580.2
3 3681.8
3 3732.6
3 3758
4 837
4 887.8
4 913.2
4 938.6
4 964
4 989.4
4 1014.8
4 1040.2
4 1065.6
4 1091
4 1141.8
4 1167.2
4 1373.7
4 1395.8
4 1472
4 1548.7
4 1573.6
4 1623.7
4 1649.8
4 1675.2
4 1687.9
4 1723.7
4 1751.4
4 1764.1
4 1802.2
4 1827.6
4 1873.7
4 1878.4
4 2005.4
4 2048.7
4 2107
4 2123.7
4 2132.4
4 2183.2
4 2284.8
4 2298.7
4 2348.7
4 2361
4 2462.6
4 2538.8
4 2548.7
4 2640.4
4 2716.6
4 2818.2
4 2869
4 2873.7
4 2996
4 3048.7
4 3072.2
4 3148.4
4 3373.7
4 3377
4 3453.2
4 3631
4 3707.2
4 3758
5 862.4
5 887.8
5 913.2
5 938.6
5 964
5 989.4
5 1014.8
5 1040.2
5 1116.4
5 1141.8
5 1167.2
5 1395.8
5 1398.7
5 1472
5 1548.2
5 1573.6
5 1598.7
5 1648.7
5 1649.8
5 1673.7
5 1687.9
5 1751.4
5 1878.4
5 1898.7
5 1929.2
5 2005.4
5 2030.8
5 2098.7
5 2107
5 2132.4
5 2148.7
5 2173.7
5 2183.2
5 2284.8
5 2361
5 2398.7
5 2437.2
5 2462.6
5 2538.8
5 2598.7
5 2640.4
5 2716.6
5 2767.4
5 2823.7
5 2869
5 2957.9
5 2996
5 3072.2
5 3098.7
5 3323.7
5 3326.2
5 3377
5 3631
5 3707.2
5 3783.4
5 3961.2
6 837
6 862.4
6 887.8
6 913.2
6 938.6
6 964
6 989.4
6 1014.8
6 1040.2
6 1091
6 1116.4
6 1141.8
6 1167.2
6 1218
6 1395.8
6 1423.7
6 1472
6 1548.2
6 1573.6
6 1623.7
6 1648.7
6 1649.8
6 1673.7
6 1675.2
6 1827.6
6 1878.4
6 1923.7
6 1929.2
6 2005.4
6 2030.8
6 2107
6 2123.7
6 2132.4
6 2148.7
6 2173.7
6 2183.2
6 2284.8
6 2361
6 2448.7
6 2462.6
6 2513.4
6 2640.4
6 2648.7
6 2716.6
6 2773.7
6 2818.2
6 2894.4
6 2919.8
6 3123
6 3148.7
6 3250
6 3273.7
6 3326.2
6 3580.2
6 3758
6 3808.8
6 3885
6 3961.2
7 837
7 887.8
7 913.2
7 938.6
7 964
7 989.4
7 1014.8
7 1040.2
7 1065.6
7 1091
7 1141.8
7 1167.2
7 1218
7 1395.8
7 1448.7
7 1472
7 1573.6
7 1573.7
7 1649.8
7 1675.2
7 1698.7
7 1751.4
7 1764.1
7 1827.6
7 1878.4
7 1929.2
7 1948.7
7 2005.4
7 2030.8
7 2073.7
7 2107
7 2132.4
7 2183.2
7 2198.7
7 2284.8
7 2361
7 2462.6
7 2538.8
7 2678.5
7 2698.7
7 2716.6
7 2723.7
7 2767.4
7 2843.6
7 3072.2
7 3148.4
7 3198.7
7 3199.2
7 3223.7
7 3250
7 3504
7 3758
7 3834.2
7 3885
8 837
8 862.4
8 913.2
8 938.6
8 964
8 989.4
8 1040.2
8 1065.6
8 1091
8 1116.4
8 1141.8
8 1167.2
8 1218
8 1395.8
8 1472
8 1473.7
8 1522.8
8 1523.7
8 1548.2
8 1573.6
8 1649.8
8 1675.2
8 1687.9
8 1723.7
8 1748.7
8 1751.4
8 1827.6
8 1878.4
8 1929.2
8 1973.7
8 2005.4
8 2023.7
8 2030.8
8 2107
8 2132.4
8 2183.2
8 2202.2
8 2248.7
8 2284.8
8 2361
8 2462.6
8 2538.8
8 2640.4
8 2673.7
8 2716.6
8 2748.7
8 2996
8 3123
8 3173.7
8 3199.2
8 3248.7
8 3250
8 3453.2
8 3758
8 3834.2
8 3859.6
8 3885
9 837
9 862.4
9 887.8
9 938.6
9 964
9 1014.8
9 1040.2
9 1065.6
9 1091
9 1116.4
9 1141.8
9 1218
9 1298.7
9 1395.8
9 1472
9 1473.7
9 1498.7
9 1522.8
9 1548.2
9 1573.6
9 1649.8
9 1748.7
9 1751.4
9 1798.7
9 1853
9 1878.4
9 1929.2
9 1973.7
9 1998.7
9 2005.4
9 2030.8
9 2107
9 2183.2
9 2284.8
9 2298.7
9 2437.2
9 2462.6
9 2538.8
9 2623.7
9 2640.4
9 2716.6
9 2798.7
9 2869
9 2919.8
9 3072.2
9 3123
9 3123.7
9 3298.7
9 3326.2
9 3377
9 3453.2
9 3707.2
9 3758
9 3961.2
10 2132.4
10 2538.8
10 3402.4
11 2284.8
11 2640.4
11 3326.2
12 2640.4
12 2716.6
12 3275.4
13 1522.8
13 2716.6
13 3453.2
14 1472
14 2640.4
14 3351.6
15 2716.6
15 3554.8
16 2640.4
16 3580.2
16 3758
17 2538.8
17 2716.6
17 3605.6
18 2462.6
18 2640.4
18 3631
19 2284.8
19 2640.4
19 3656.4
20 2132.4
20 2716.6
20 3681.8
21 2030.8
21 2640.4
21 3707.2
22 1878.4
22 2716.6
22 3732.6
23 1802.2
23 3631
23 3758
24 1649.8
24 3681.8
24 3783.4
25 1548.2
25 2716.6
25 3808.8
26 1395.8
26 2640.4
26 3834.2
27 1395.8
27 3758
27 3859.6
28 1548.2
28 2498.7
28 2869
29 1649.8
29 2548.7
29 2716.6
30 1802.2
30 2573.7
30 2640.4
31 1878.4
31 2284.8
31 2598.7
32 2030.8
32 2132.4
32 2623.7
33 2030.8
33 2132.4
33 2648.7
34 1878.4
34 2284.8
34 2673.7
35 1802.2
35 2462.6
35 2698.7
36 1649.8
36 2538.8
36 2723.7
37 1548.2
37 2640.4
37 2748.7
38 1395.8
38 2716.6
38 2773.7
39 1395.8
39 2798.7
39 2869
40 1548.2
40 2818.2
40 2823.7
41 1649.8
41 2716.6
41 2848.7
42 1802.2
42 2640.4
42 2873.7
43 1878.4
43 2538.8
43 2898.7
44 2030.8
44 2462.6
44 2923.7
45 2132.4
45 2284.8
45 2948.7
46 2132.4
46 2284.8
46 2973.7
47 2030.8
47 2640.4
47 2998.7
48 1878.4
48 2716.6
48 3023.7
49 1802.2
49 2284.8
49 3048.7
50 1649.8
50 2132.4
50 3073.7
51 1548.2
51 2030.8
51 3098.7
52 1395.8
52 1878.4
52 3123.7
53 1319.6
53 1802.2
53 3148.7
54 1294.2
54 1649.8
54 3173.7
55 1268.8
55 1548.2
55 3198.7
56 1395.8
56 3223.7
57 1243.4
57 1548.2
57 3248.7
58 1395.8
58 1649.8
58 3273.7
59 1548.2
59 1802.2
59 3298.7
60 1649.8
60 1878.4
60 3323.7
61 1802.2
61 2030.8
61 3348.7
62 1878.4
62 2132.4
62 3373.7
63 2030.8
63 2284.8
63 3398.7
64 2132.4
64 2462.6
64 3423.7
65 2284.8
65 2538.8
65 3448.7
66 2640.4
66 3554.8
66 3656.4
67 2716.6
67 3580.2
67 3681.8
68 2716.6
68 2869
68 3605.6
69 2538.8
69 2640.4
69 3631
70 2462.6
70 2538.8
70 3656.4
71 2284.8
71 2462.6
71 3681.8
72 2132.4
72 2284.8
72 3707.2
73 2030.8
73 2132.4
73 3732.6
74 1878.4
74 2030.8
74 3758
75 1802.2
75 1878.4
75 3783.4
76 1649.8
76 1802.2
76 3808.8
77 1548.2
77 1649.8
77 3834.2
78 1395.8
78 1548.2
78 3859.6
79 1395.8
79 3859.6
80 1395.8
80 1548.2
80 3834.2
81 1548.2
81 1649.8
81 3808.8
82 1649.8
82 1802.2
82 3783.4
83 1802.2
83 1878.4
83 3758
84 1878.4
84 2030.8
84 3732.6
85 2030.8
85 2132.4
85 3707.2
86 2132.4
86 2284.8
86 3681.8
87 2284.8
87 2462.6
87 3656.4
88 2462.6
88 2538.8
88 3631
89 2538.8
89 2716.6
89 3605.6
90 2640.4
90 3580.2
91 2538.8
91 2716.6
91 3554.8
92 2462.6
92 3351.6
93 2284.8
93 3453.2
94 2132.4
94 2869
95 2030.8
95 2818.2
96 1878.4
96 3554.8
97 1802.2
97 3580.2
98 1649.8
98 3605.6
99 1548.2
99 3631
837 958.3
837 1110.7
837 1186.9
837 1339.3
837 1415.5
837 1567.9
837 1644.1
862.4 958.3
862.4 1110.7
862.4 1186.9
862.4 1339.3
862.4 1415.5
862.4 1567.9
862.4 1644.1
887.8 958.3
887.8 1110.7
887.8 1186.9
887.8 1339.3
887.8 1415.5
887.8 1567.9
887.8 1644.1
913.2 958.3
913.2 1110.7
913.2 1186.9
913.2 1339.3
913.2 1415.5
913.2 1567.9
913.2 1644.1
938.6 958.3
938.6 1110.7
938.6 1186.9
938.6 1339.3
938.6 1415.5
938.6 1567.9
938.6 1644.1
964 958.3
964 1110.7
964 1186.9
964 1339.3
964 1415.5
964 1567.9
964 1644.1
989.4 958.3
989.4 1110.7
989.4 1186.9
989.4 1339.3
989.4 1415.5
989.4 1567.9
989.4 1644.1
1014.8 958.3
1014.8 1110.7
1014.8 1186.9
1014.8 1339.3
1014.8 1415.5
1014.8 1567.9
1014.8 1644.1
1040.2 958.3
1040.2 1110.7
1040.2 1186.9
1040.2 1339.3
1040.2 1415.5
1040.2 1567.9
1040.2 1644.1
1065.6 958.3
1065.6 1110.7
1065.6 1186.9
1065.6 1339.3
1065.6 1415.5
1065.6 1567.9
1065.6 1644.1
1091 958.3
1091 1110.7
1091 1186.9
1091 1339.3
1091 1415.5
1091 1567.9
1091 1644.1
1116.4 958.3
1116.4 1110.7
1116.4 1186.9
1116.4 1339.3
1116.4 1415.5
1116.4 1567.9
1116.4 1644.1
1141.8 958.3
1141.8 1110.7
1141.8 1186.9
1141.8 1339.3
1141.8 1415.5
1141.8 1567.9
1141.8 1644.1
1167.2 958.3
1167.2 1110.7
1167.2 1186.9
1167.2 1339.3
1167.2 1415.5
1167.2 1567.9
1167.2 1644.1
